0	0	0	0
0.000224855	3.07501e-010	0	0
0.00589262	8.05848e-009	0	0
0.0270316	3.69672e-008	0	0
0.123861	1.69387e-007	0	0
0.201582	2.75675e-007	0	0
0.400496	5.47701e-007	0	0
0.547533	7.48782e-007	0	0
0.93068	1.27276e-006	0	0
1.1723	1.60319e-006	0	0
1.48598	2.03216e-006	0	0
1.84367	2.52133e-006	0	0
2.23575	3.05751e-006	0	0
2.55037	3.48777e-006	0	0
2.80175	3.83154e-006	0	0
2.91015	3.97979e-006	0	0
2.92403	3.99878e-006	0	0
2.92493	4e-006	0	0
2.92493	4e-006	0	0
2.92493	4e-006	0	0
2.92493	4e-006	0	0
2.92493	4e-006	0	0
2.92493	4e-006	0	0
2.92594	1.68878e-005	0	0
2.94952	0.000316279	0	0
3.49688	0.00726681	0	0
3.77461	0.0107936	0	0
4.0023	0.0136849	0	0
4.46739	0.0195908	0	0
4.81872	0.0240521	0	0
5.41703	0.0316497	0	0
5.8623	0.0373038	0	0
6.45401	0.0448176	0	0
6.95714	0.0512066	0	0
7.46382	0.0576407	0	0
8.08037	0.0654698	0	0
8.62175	0.0723444	0	0
9.18739	0.0795272	0	0
10.4796	0.0959358	0	0
11.172	0.104729	0	0
11.858	0.11344	0	0
12.5472	0.122191	0	0
13.3507	0.132395	0	0
14.0073	0.140732	0	0
14.5593	0.147742	0	0
15.1538	0.155291	0	0
16.0945	0.167237	0	0
16.6204	0.173915	0	0
17.2051	0.181339	0	0
17.7963	0.188847	0	0
18.381	0.196271	0	0
19.2989	0.207927	0	0
19.9521	0.216222	0	0
20.612	0.224601	0	0
21.1574	0.231528	0	0
21.7552	0.239118	0	0
22.8233	0.252681	0	0
23.5844	0.262346	0	0
24.6525	0.275909	0	0
25.4266	0.28574	0	0
26.1746	0.295238	0	0
26.9814	0.305483	0	0
27.7915	0.31577	0	0
28.3141	0.322406	0	0
29.2941	0.33485	0	0
29.9473	0.343145	0	0
30.8293	0.354344	0	0
31.7863	0.366497	0	0
32.5278	0.375913	0	0
33.0831	0.382964	0	0
33.7037	0.390845	0	0
34.357	0.399141	0	0
34.9841	0.407104	0	0
35.8007	0.417474	0	0
36.4017	0.425106	0	0
36.9701	0.432323	0	0
37.5907	0.440204	0	0
38.1133	0.44684	0	0
38.9299	0.45721	0	0
39.4852	0.464261	0	0
40.1679	0.47293	0	0
40.8898	0.482097	0	0
41.4843	0.489646	0	0
42.6079	0.503914	0	0
43.2481	0.512044	0	0
44.1268	0.523202	0	0
44.7115	0.530626	0	0
45.6261	0.54224	0	0
46.2663	0.55037	0	0
46.9326	0.558831	0	0
47.6904	0.568454	0	0
48.507	0.578824	0	0
49.1603	0.587119	0	0
50.0716	0.598692	0	0
50.6759	0.606365	0	0
51.3423	0.614827	0	0
52.8481	0.633948	0	0
53.436	0.641414	0	0
54.024	0.64888	0	0
54.7099	0.657591	0	0
55.2652	0.664642	0	0
55.8532	0.672108	0	0
56.673	0.682519	0	0
57.3231	0.690773	0	0
57.9208	0.698364	0	0
58.499	0.705705	0	0
59.0575	0.712798	0	0
60.1616	0.726817	0	0
61.1382	0.739219	0	0
62.3272	0.754317	0	0
63.4345	0.768378	0	0
64.1956	0.778043	0	0
65.9431	0.800234	0	0
66.7336	0.810271	0	0
67.3542	0.818152	0	0
67.9454	0.82566	0	0
68.7587	0.835988	0	0
69.4904	0.845279	0	0
70.1633	0.853823	0	0
70.7512	0.861289	0	0
71.6985	0.873318	0	0
72.3844	0.882028	0	0
73.2664	0.893228	0	0
73.8543	0.900694	0	0
74.7689	0.912307	0	0
75.5202	0.921847	0	0
76.1441	0.92977	0	0
76.7941	0.938024	0	0
78.0027	0.953371	0	0
78.7539	0.962911	0	0
79.3419	0.970377	0	0
80.3545	0.983235	0	0
80.9424	0.990701	0	0
81.955	1.00356	0	0
82.556	1.01119	0	0
83.3922	1.02181	0	0
84.0128	1.02969	0	0
84.7641	1.03923	0	0
85.388	1.04715	0	0
86.2667	1.05831	0	0
86.9526	1.06702	0	0
87.8999	1.07905	0	0
88.4849	1.08648	0	0
89.1349	1.09473	0	0
89.7423	1.10245	0	0
90.369	1.1104	0	0
91.1693	1.12057	0	0
91.7542	1.12799	0	0
92.4462	1.13678	0	0
92.8888	1.1424	0	0
93.3258	1.14795	0	0
93.6774	1.15241	0	0
94.1306	1.15817	0	0
94.3709	1.16122	0	0
94.5704	1.16375	0	0
94.8205	1.16693	0	0
95.0032	1.16925	0	0
95.0541	1.1699	0	0
95.0603	1.16998	0	0
95.0568	1.16786	0	0
95.0412	1.15827	0	0
94.9964	1.13065	0	0
94.9395	1.09556	0	0
94.7973	1.00784	0	0
94.661	0.923761	0	0
94.3533	0.733989	0	0
94.1252	0.593296	0	0
93.7077	0.335789	0	0
93.3864	0.137637	0	0
92.6714	-0.303334	0	0
91.7877	-0.848386	0	0
91.2874	-1.15695	0	0
90.6582	-1.54503	0	0
90.1397	-1.86483	0	0
89.3406	-2.3577	0	0
88.8104	-2.68469	0	0
87.979	-3.19743	0	0
87.3952	-3.55754	0	0
86.7807	-3.93652	0	0
86.2552	-4.26063	0	0
85.727	-4.58645	0	0
85.0597	-4.99801	0	0
84.4925	-5.34783	0	0
83.6695	-5.85543	0	0
83.1662	-6.16581	0	0
82.2793	-6.71285	0	0
81.7455	-7.04209	0	0
80.9948	-7.5051	0	0
80.4693	-7.8292	0	0
79.7742	-8.25791	0	0
79.2459	-8.58373	0	0
78.4341	-9.08447	0	0
77.7112	-9.53032	0	0
77.1328	-9.88701	0	0
76.6046	-10.2128	0	0
75.7983	-10.7101	0	0
74.9947	-11.2057	0	0
74.1578	-11.7219	0	0
73.6546	-12.0323	0	0
72.9345	-12.4764	0	0
72.3784	-12.8194	0	0
71.5721	-13.3167	0	0
71.0438	-13.6425	0	0
70.2375	-14.1398	0	0
69.7093	-14.4656	0	0
68.9836	-14.9132	0	0
68.4303	-15.2544	0	0
67.8464	-15.6146	0	0
67.2903	-15.9575	0	0
66.7065	-16.3176	0	0
65.9558	-16.7807	0	0
65.3719	-17.1408	0	0
64.8436	-17.4666	0	0
64.2597	-17.8267	0	0
63.231	-18.4612	0	0
62.5637	-18.8728	0	0
62.0271	-19.2037	0	0
61.471	-19.5467	0	0
60.7565	-19.9874	0	0
60.2282	-20.3132	0	0
59.4747	-20.7779	0	0
58.9492	-21.102	0	0
58.1151	-21.6165	0	0
57.4451	-22.0298	0	0
56.864	-22.3882	0	0
56.3051	-22.7329	0	0
55.5822	-23.1787	0	0
55.0261	-23.5217	0	0
54.2476	-24.0018	0	0
53.7194	-24.3277	0	0
52.9409	-24.8078	0	0
52.3848	-25.1508	0	0
51.6361	-25.6125	0	0
51.0849	-25.9525	0	0
50.4654	-26.3346	0	0
49.7168	-26.7963	0	0
48.9976	-27.2398	0	0
48.5369	-27.524	0	0
47.717	-28.0297	0	0
47.3718	-28.2426	0	0
47.0874	-28.4181	0	0
46.8508	-28.564	0	0
46.6068	-28.7145	0	0
46.4702	-28.7987	0	0
46.3278	-28.8865	0	0
46.2674	-28.9238	0	0
46.2285	-28.9477	0	0
46.2166	-28.9551	0	0
46.2125	-28.9576	0	0
46.2127	-28.9559	0	0
46.198	-28.9456	0	0
46.1628	-28.9208	0	0
46.1043	-28.8796	0	0
46.0184	-28.819	0	0
45.8924	-28.7302	0	0
45.5287	-28.474	0	0
45.2119	-28.2507	0	0
44.9257	-28.049	0	0
44.4443	-27.7098	0	0
44.0212	-27.4116	0	0
43.4323	-26.9966	0	0
42.9408	-26.6502	0	0
42.2588	-26.1696	0	0
41.7706	-25.8256	0	0
41.1134	-25.3625	0	0
40.5507	-24.966	0	0
39.9926	-24.5727	0	0
39.4586	-24.1964	0	0
38.9219	-23.8181	0	0
38.2303	-23.3308	0	0
37.6936	-22.9525	0	0
37.0821	-22.5216	0	0
36.5453	-22.1434	0	0
35.9606	-21.7313	0	0
35.3998	-21.3361	0	0
34.8391	-20.941	0	0
34.1982	-20.4894	0	0
33.5093	-20.0039	0	0
32.783	-19.4921	0	0
32.2142	-19.0912	0	0
31.4211	-18.5324	0	0
30.807	-18.0996	0	0
30.1367	-17.6273	0	0
29.5973	-17.2472	0	0
28.831	-16.7071	0	0
28.2969	-16.3308	0	0
27.4959	-15.7662	0	0
26.9591	-15.388	0	0
26.1314	-14.8047	0	0
25.4478	-14.323	0	0
24.7455	-13.8281	0	0
24.2008	-13.4442	0	0
23.4077	-12.8853	0	0
22.871	-12.5071	0	0
22.0993	-11.9633	0	0
21.5385	-11.5681	0	0
20.6039	-10.9095	0	0
19.8296	-10.3638	0	0
19.2688	-9.96866	0	0
18.7348	-9.59232	0	0
18.0405	-9.10307	0	0
17.4237	-8.66839	0	0
16.7054	-8.16221	0	0
16.1713	-7.78587	0	0
15.397	-7.24017	0	0
14.8362	-6.84501	0	0
14.0351	-6.28049	0	0
13.4824	-5.89098	0	0
12.684	-5.32834	0	0
12.1392	-4.94447	0	0
11.3916	-4.41759	0	0
10.8575	-4.04124	0	0
10.0271	-3.45603	0	0
9.4957	-3.08157	0	0
8.71865	-2.53399	0	0
8.18929	-2.16094	0	0
7.34955	-1.56918	0	0
6.41497	-0.910581	0	0
5.92694	-0.566668	0	0
5.45917	-0.237031	0	0
4.64638	0.335743	0	0
4.27966	0.594165	0	0
3.93556	0.836652	0	0
3.6472	1.03986	0	0
3.31371	1.27487	0	0
3.13012	1.40425	0	0
2.90312	1.56421	0	0
2.799	1.63758	0	0
2.69877	1.70822	0	0
2.65808	1.73689	0	0
2.63501	1.75315	0	0
2.63228	1.75507	0	0
2.63301	1.75541	0	0
2.64016	1.76099	0	0
2.66516	1.78052	0	0
2.71474	1.81926	0	0
2.99433	2.03769	0	0
3.18752	2.18862	0	0
3.50185	2.43419	0	0
3.78344	2.65419	0	0
4.17139	2.95727	0	0
4.66764	3.34497	0	0
5.06659	3.65665	0	0
5.70662	4.15667	0	0
6.11751	4.47767	0	0
6.79011	5.00315	0	0
7.24411	5.35783	0	0
7.90533	5.87441	0	0
8.35518	6.22585	0	0
8.87864	6.63481	0	0
9.32229	6.98141	0	0
10.0122	7.5204	0	0
10.5038	7.90444	0	0
10.8312	8.16022	0	0
11.1484	8.40806	0	0
11.404	8.60772	0	0
11.6334	8.78698	0	0
11.7857	8.90594	0	0
11.8743	8.97515	0	0
11.9606	9.04262	0	0
11.9836	9.06058	0	0
11.9916	9.06678	0	0
11.9926	9.06678	0	0
11.9938	9.06517	0	0
12.0056	9.04945	0	0
12.0289	9.01841	0	0
12.0799	8.95033	0	0
12.1823	8.81387	0	0
12.2858	8.67587	0	0
12.4842	8.41126	0	0
12.6522	8.18724	0	0
12.9591	7.77806	0	0
13.2	7.45686	0	0
13.5986	6.92536	0	0
13.9213	6.49516	0	0
14.4064	5.84839	0	0
14.8197	5.29729	0	0
15.5074	4.38041	0	0
15.9691	3.76478	0	0
16.5175	3.03354	0	0
16.9115	2.50826	0	0
17.4387	1.80527	0	0
17.8562	1.24863	0	0
18.4011	0.522122	0	0
18.795	-0.00315809	0	0
19.3811	-0.784545	0	0
19.775	-1.30982	0	0
20.3787	-2.11473	0	0
20.7923	-2.66614	0	0
21.34	-3.39643	0	0
21.7285	-3.9144	0	0
22.314	-4.69517	0	0
22.6814	-5.18502	0	0
23.1821	-5.85262	0	0
23.4931	-6.26721	0	0
23.9249	-6.84293	0	0
24.1911	-7.19785	0	0
24.4966	-7.60521	0	0
24.7485	-7.94116	0	0
24.944	-8.20181	0	0
25.0575	-8.35316	0	0
25.1035	-8.41451	0	0
25.1408	-8.46412	0	0
25.1514	-8.47828	0	0
25.1551	-8.48328	0	0
25.1552	-8.48069	0	0
25.163	-8.46479	0	0
25.1774	-8.43555	0	0
25.2241	-8.34053	0	0
25.2734	-8.24025	0	0
25.4542	-7.87228	0	0
25.6159	-7.54341	0	0
25.7646	-7.24079	0	0
26.0181	-6.72503	0	0
26.2236	-6.30699	0	0
26.5655	-5.61144	0	0
27.0134	-4.70013	0	0
27.2943	-4.12863	0	0
27.5996	-3.50745	0	0
27.97	-2.75401	0	0
28.258	-2.16797	0	0
28.6327	-1.40574	0	0
28.9209	-0.819407	0	0
29.382	0.118726	0	0
29.6702	0.705059	0	0
30.091	1.56111	0	0
30.3907	2.17089	0	0
30.8118	3.02752	0	0
31.1078	3.62983	0	0
31.5388	4.50662	0	0
31.8318	5.10276	0	0
32.1903	5.83217	0	0
32.4186	6.2967	0	0
32.7176	6.90492	0	0
32.8974	7.27065	0	0
33.1729	7.83126	0	0
33.3291	8.14907	0	0
33.4865	8.46989	0	0
33.5662	8.63139	0	0
33.6008	8.70176	0	0
33.6282	8.75744	0	0
33.6355	8.77236	0	0
33.637	8.77408	0	0
33.6379	8.77208	0	0
33.646	8.75471	0	0
33.6631	8.71792	0	0
33.6999	8.63865	0	0
33.7468	8.53752	0	0
33.8492	8.317	0	0
33.9445	8.11168	0	0
34.1115	7.75199	0	0
34.2594	7.43358	0	0
34.4916	6.93332	0	0
34.6812	6.52513	0	0
34.9993	5.8399	0	0
35.4402	4.89039	0	0
35.7096	4.31005	0	0
36.0504	3.57602	0	0
36.3562	2.91744	0	0
36.6312	2.32506	0	0
37.0054	1.51916	0	0
37.374	0.7251	0	0
37.6767	0.0732625	0	0
38.0756	-0.785977	0	0
38.3633	-1.40559	0	0
38.7203	-2.17462	0	0
39.0169	-2.81339	0	0
39.3302	-3.48816	0	0
39.6041	-4.07816	0	0
39.8503	-4.60848	0	0
40.152	-5.25821	0	0
40.3548	-5.6951	0	0
40.5694	-6.15716	0	0
40.7303	-6.50384	0	0
40.9114	-6.89388	0	0
41.036	-7.16221	0	0
41.1137	-7.32961	0	0
41.1917	-7.49762	0	0
41.2193	-7.55695	0	0
41.2342	-7.58922	0	0
41.2411	-7.60388	0	0
41.2418	-7.60549	0	0
41.2426	-7.60236	0	0
41.2477	-7.59129	0	0
41.2654	-7.55229	0	0
41.2939	-7.48995	0	0
41.3479	-7.37153	0	0
41.4156	-7.22314	0	0
41.5308	-6.97055	0	0
41.6545	-6.69943	0	0
41.8411	-6.29034	0	0
42.036	-5.8631	0	0
42.2718	-5.346	0	0
42.4983	-4.84958	0	0
42.8147	-4.15588	0	0
43.0951	-3.54107	0	0
43.4576	-2.74649	0	0
43.8821	-1.81578	0	0
44.3024	-0.894365	0	0
44.6278	-0.181067	0	0
45.0345	0.710556	0	0
45.3219	1.34064	0	0
45.7259	2.22631	0	0
46.0265	2.88537	0	0
46.4152	3.73753	0	0
46.7088	4.3813	0	0
47.0775	5.18941	0	0
47.3501	5.78706	0	0
47.7219	6.6023	0	0
47.9286	7.05529	0	0
48.1443	7.52823	0	0
48.3015	7.87294	0	0
48.4774	8.25859	0	0
48.62	8.57125	0	0
48.7071	8.76199	0	0
48.7762	8.91364	0	0
48.8116	8.9913	0	0
48.8383	9.04978	0	0
48.8455	9.06558	0	0
48.8466	9.0679	0	0
48.8474	9.06489	0	0
48.8518	9.05554	0	0
48.867	9.02352	0	0
48.9006	8.9522	0	0
48.9481	8.85146	0	0
49.0212	8.69659	0	0
49.1339	8.45757	0	0
49.2593	8.19175	0	0
49.4328	7.82398	0	0
49.6084	7.45168	0	0
49.9472	6.73349	0	0
50.2053	6.18631	0	0
50.4759	5.61246	0	0
50.7736	4.98144	0	0
51.123	4.24066	0	0
51.5068	3.42694	0	0
51.827	2.74815	0	0
52.188	1.98294	0	0
52.496	1.33001	0	0
52.836	0.609113	0	0
53.2471	-0.262308	0	0
53.6771	-1.17392	0	0
54.0024	-1.86364	0	0
54.4791	-2.87417	0	0
54.8436	-3.64701	0	0
55.0894	-4.16816	0	0
55.3179	-4.65245	0	0
55.5642	-5.17472	0	0
55.7239	-5.51322	0	0
55.8612	-5.80425	0	0
55.9881	-6.07333	0	0
56.0784	-6.26483	0	0
56.1205	-6.35403	0	0
56.1476	-6.41148	0	0
56.1592	-6.43373	0	0
56.1619	-6.4288	0	0
56.1737	-6.40679	0	0
56.1991	-6.35955	0	0
56.272	-6.22366	0	0
56.5007	-5.79795	0	0
56.6662	-5.48968	0	0
56.8447	-5.15729	0	0
57.0567	-4.76262	0	0
57.2909	-4.32647	0	0
57.5583	-3.82846	0	0
57.9028	-3.18714	0	0
58.205	-2.6243	0	0
58.6713	-1.75612	0	0
59.0432	-1.06358	0	0
59.4056	-0.388824	0	0
59.8692	0.474551	0	0
60.2402	1.16525	0	0
60.6575	1.94229	0	0
61.1675	2.892	0	0
61.5376	3.58123	0	0
61.906	4.26712	0	0
62.2527	4.91266	0	0
62.6294	5.61422	0	0
62.9445	6.20102	0	0
63.3638	6.9817	0	0
63.6283	7.47417	0	0
63.8706	7.92541	0	0
64.062	8.28185	0	0
64.2599	8.65033	0	0
64.4002	8.91154	0	0
64.4921	9.08263	0	0
64.56	9.20913	0	0
64.6058	9.29445	0	0
64.6339	9.34669	0	0
64.6406	9.35926	0	0
64.6414	9.35886	0	0
64.653	9.33519	0	0
64.7002	9.23879	0	0
64.7523	9.13261	0	0
64.8666	8.8993	0	0
64.9831	8.6617	0	0
65.1469	8.32769	0	0
65.3223	7.96966	0	0
65.5869	7.42999	0	0
65.8543	6.88443	0	0
66.1424	6.29677	0	0
66.4766	5.61502	0	0
66.8265	4.9012	0	0
67.153	4.23522	0	0
67.5047	3.51769	0	0
67.85	2.81335	0	0
68.2224	2.05365	0	0
68.5559	1.37314	0	0
68.9283	0.613441	0	0
69.3151	-0.175634	0	0
69.8314	-1.2289	0	0
70.2516	-2.08593	0	0
70.5383	-2.6709	0	0
70.8856	-3.37929	0	0
71.118	-3.85351	0	0
71.3514	-4.32963	0	0
71.5243	-4.68232	0	0
71.6599	-4.95898	0	0
71.7862	-5.21658	0	0
71.855	-5.357	0	0
71.9116	-5.4724	0	0
71.9377	-5.52574	0	0
71.951	-5.55282	0	0
71.9536	-5.558	0	0
71.9539	-5.55596	0	0
71.9607	-5.54168	0	0
71.9791	-5.50261	0	0
72.0294	-5.3962	0	0
72.1689	-5.10106	0	0
72.3069	-4.80913	0	0
72.4681	-4.46817	0	0
72.6469	-4.0901	0	0
72.9051	-3.54382	0	0
73.1687	-2.98621	0	0
73.4513	-2.38842	0	0
73.7446	-1.76787	0	0
74.0557	-1.10994	0	0
74.4085	-0.363531	0	0
74.7424	0.342861	0	0
75.0747	1.04573	0	0
75.4098	1.75452	0	0
75.7867	2.55191	0	0
76.1078	3.23117	0	0
76.4429	3.93996	0	0
76.8354	4.77021	0	0
77.2623	5.67328	0	0
77.605	6.39838	0	0
77.9208	7.06625	0	0
78.3146	7.89938	0	0
78.5665	8.4323	0	0
78.793	8.9113	0	0
78.9825	9.3122	0	0
79.1725	9.71408	0	0
79.297	9.97742	0	0
79.4192	10.2359	0	0
79.4817	10.3682	0	0
79.5314	10.4734	0	0
79.5498	10.5123	0	0
79.5575	10.5286	0	0
79.5581	10.5297	0	0
79.5581	10.5297	0	0
79.5581	10.5297	0	0
79.5581	10.5297	0	0
79.5581	10.5297	0	0
79.5581	10.5297	0	0
79.557	10.5296	0	0
79.5401	10.5274	0	0
79.4916	10.5209	0	0
79.369	10.5047	0	0
79.2075	10.4833	0	0
78.9053	10.4433	0	0
78.5901	10.4016	0	0
78.1308	10.3409	0	0
77.578	10.2677	0	0
76.9958	10.1906	0	0
76.0875	10.0704	0	0
75.2754	9.96292	0	0
74.3785	9.84422	0	0
73.4444	9.72059	0	0
72.3158	9.57122	0	0
71.0292	9.40093	0	0
69.6372	9.21669	0	0
68.4872	9.06448	0	0
66.9883	8.8661	0	0
65.769	8.70472	0	0
64.3166	8.51249	0	0
62.9564	8.33247	0	0
61.6449	8.15888	0	0
60.3333	7.98529	0	0
59.0655	7.81749	0	0
57.3167	7.58604	0	0
56.078	7.42209	0	0
54.7907	7.25172	0	0
53.6249	7.09742	0	0
52.2162	6.91097	0	0
51.0504	6.75667	0	0
49.6416	6.57022	0	0
48.4758	6.41592	0	0
47.1642	6.24233	0	0
45.9353	6.07967	0	0
44.614	5.90479	0	0
42.1609	5.58012	0	0
40.0624	5.30237	0	0
38.5419	5.10114	0	0
37.4004	4.95005	0	0
36.0888	4.77646	0	0
34.923	4.62216	0	0
33.456	4.428	0	0
32.2513	4.26855	0	0
30.9883	4.10139	0	0
29.7739	3.94066	0	0
28.3992	3.75872	0	0
26.7087	3.53498	0	0
25.4992	3.37489	0	0
24.3091	3.21738	0	0
22.9246	3.03414	0	0
21.7539	2.8792	0	0
20.3987	2.69982	0	0
19.2328	2.54552	0	0
17.965	2.37772	0	0
16.7311	2.21442	0	0
15.3419	2.03054	0	0
13.4474	1.7798	0	0
12.2366	1.61955	0	0
10.7365	1.42101	0	0
9.59609	1.27007	0	0
7.50627	0.993477	0	0
5.71855	0.756868	0	0
4.42235	0.585311	0	0
3.56209	0.471453	0	0
2.69528	0.356728	0	0
2.07163	0.274186	0	0
1.50184	0.198772	0	0
1.06877	0.141454	0	0
0.662962	0.0877449	0	0
0.396281	0.0524488	0	0
0.214224	0.028353	0	0
0.0877503	0.0116138	0	0
0.0304823	0.00403423	0	0
-0.00107386	-0.000142282	0	0
0	0	0	0
0	0	0	0
-0.000187662	-0.000187661	0	0
-0.0212354	-0.0212353	0	0
-0.0605012	-0.060501	0	0
-0.162571	-0.16257	0	0
-0.386323	-0.386322	0	0
-0.577823	-0.577821	0	0
-0.709594	-0.709592	0	0
-0.885071	-0.885068	0	0
-1.0182	-1.01819	0	0
-1.07219	-1.07218	0	0
-1.07216	-1.07216	0	0
-1.07141	-1.07259	0	0
-0.839862	-1.25047	0	0
-0.521895	-2.093	0	0
-1.10798	-3.0217	0	0
-2.18531	-3.45739	0	0
-3.22978	-3.42627	0	0
-3.90137	-3.21395	0	0
-4.6436	-2.75638	0	0
-5.17777	-2.19562	0	0
-5.60261	-1.43433	0	0
-5.82589	-0.793282	0	0
-5.998	0.180438	0	0
-5.99652	1.03066	0	0
-5.85539	1.87642	0	0
-5.5369	2.81536	0	0
-5.11267	3.61758	0	0
-4.24774	4.69055	0	0
-2.82912	5.72231	0	0
-2.06477	6.05767	0	0
-0.844791	6.39956	0	0
-0.0427148	6.51365	0	0
1.13161	6.53157	0	0
1.90013	6.44792	0	0
3.18363	6.1318	0	0
3.97754	5.82121	0	0
4.99177	5.28393	0	0
5.66178	4.82647	0	0
6.6433	3.9656	0	0
7.39197	3.09564	0	0
8.01702	2.1412	0	0
8.4194	1.3355	0	0
8.741	0.486693	0	0
8.99533	-0.422136	0	0
9.20392	-1.6317	0	0
9.23567	-3.70842	0	0
9.10319	-4.71862	0	0
8.88589	-5.67128	0	0
8.59385	-6.56872	0	0
8.08002	-7.73629	0	0
7.61901	-8.55919	0	0
7.00032	-9.46546	0	0
6.34729	-10.2553	0	0
5.69317	-10.9222	0	0
5.01563	-11.5114	0	0
4.12098	-12.1623	0	0
3.3836	-12.6081	0	0
2.36654	-13.1086	0	0
1.54967	-13.4258	0	0
0.419132	-13.7625	0	0
-0.466534	-13.9529	0	0
-1.59361	-14.1066	0	0
-2.37154	-14.1565	0	0
-3.63527	-14.1412	0	0
-4.61038	-14.0475	0	0
-5.6997	-13.8566	0	0
-6.92043	-13.5295	0	0
-7.80301	-13.2133	0	0
-8.74906	-12.7955	0	0
-9.61527	-12.3377	0	0
-10.4856	-11.7967	0	0
-11.244	-11.2502	0	0
-11.8803	-10.7297	0	0
-12.741	-9.91889	0	0
-13.4597	-9.12648	0	0
-14.0843	-8.32833	0	0
-14.6091	-7.55481	0	0
-16.3465	-3.58731	0	0
-16.6078	-2.48603	0	0
-16.8524	-0.825612	0	0
-16.6089	3.88326	0	0
-16.1715	5.58241	0	0
-15.5834	7.15435	0	0
-14.3379	9.50189	0	0
-13.8507	10.228	0	0
-13.3935	10.8436	0	0
-12.7152	11.6616	0	0
-11.8728	12.5497	0	0
-11.2132	13.1639	0	0
-10.6481	13.6416	0	0
-9.81263	14.2762	0	0
-9.167	14.7143	0	0
-8.36222	15.2032	0	0
-7.6039	15.6109	0	0
-6.60405	16.0767	0	0
-5.81669	16.3902	0	0
-4.71771	16.7558	0	0
-3.36136	17.1061	0	0
-2.24821	17.3155	0	0
-1.39141	17.4305	0	0
-0.1433	17.5275	0	0
0.840223	17.5459	0	0
1.94239	17.5059	0	0
2.99599	17.4074	0	0
3.80742	17.2908	0	0
4.61306	17.1394	0	0
5.59888	16.9042	0	0
6.48562	16.6441	0	0
7.4702	16.2991	0	0
8.18853	16.008	0	0
9.30265	15.4872	0	0
10.1162	15.0516	0	0
11.0408	14.4951	0	0
11.6913	14.0609	0	0
12.7074	13.3044	0	0
13.428	12.7032	0	0
14.2988	11.8941	0	0
14.8339	11.3455	0	0
15.6512	10.4188	0	0
16.1571	9.78192	0	0
16.9526	8.65889	0	0
17.4336	7.88977	0	0
18.06	6.75282	0	0
18.4532	5.93523	0	0
18.8774	4.92595	0	0
19.1915	4.05821	0	0
19.5025	3.04863	0	0
19.7685	2.00532	0	0
20.006	0.815431	0	0
20.1845	-0.453789	0	0
20.2543	-1.20255	0	0
20.3051	-2.14116	0	0
20.3163	-2.96146	0	0
20.2762	-4.17418	0	0
20.2142	-4.95791	0	0
20.11	-5.84051	0	0
19.9228	-6.97013	0	0
19.7562	-7.75592	0	0
19.4782	-8.83142	0	0
19.1731	-9.81042	0	0
18.9263	-10.5027	0	0
18.6233	-11.265	0	0
18.2023	-12.2057	0	0
17.6691	-13.2546	0	0
16.9036	-14.5623	0	0
16.4333	-15.2773	0	0
15.8832	-16.0456	0	0
15.177	-16.9417	0	0
14.6776	-17.5234	0	0
13.8611	-18.3953	0	0
13.2485	-18.9929	0	0
12.4247	-19.7299	0	0
11.8327	-20.2171	0	0
10.8785	-20.9356	0	0
10.217	-21.3896	0	0
8.70779	-22.3042	0	0
7.93562	-22.7129	0	0
6.88813	-23.2085	0	0
5.36528	-23.8173	0	0
4.53323	-24.0975	0	0
3.31041	-24.4485	0	0
2.56105	-24.6303	0	0
1.08512	-24.9166	0	0
0.188291	-25.0452	0	0
-0.90478	-25.1567	0	0
-1.96322	-25.2179	0	0
-2.73416	-25.2336	0	0
-3.52447	-25.2246	0	0
-4.33333	-25.189	0	0
-5.7157	-25.0659	0	0
-9.60515	-24.2859	0	0
-10.8734	-23.8853	0	0
-11.9035	-23.5029	0	0
-13.3007	-22.8976	0	0
-14.3329	-22.3825	0	0
-15.035	-21.9978	0	0
-15.8611	-21.5073	0	0
-16.5184	-21.0861	0	0
-17.3903	-20.4818	0	0
-18.2363	-19.8417	0	0
-18.9026	-19.2969	0	0
-19.698	-18.5949	0	0
-20.52	-17.8037	0	0
-21.4131	-16.8577	0	0
-22.0538	-16.1151	0	0
-22.5676	-15.4752	0	0
-23.1308	-14.7217	0	0
-23.6659	-13.9479	0	0
-24.2863	-12.9667	0	0
-24.6878	-12.274	0	0
-25.204	-11.3016	0	0
-25.5864	-10.5082	0	0
-26.2105	-9.03373	0	0
-26.4941	-8.26362	0	0
-26.8159	-7.28114	0	0
-27.065	-6.41481	0	0
-27.3479	-5.26877	0	0
-27.5061	-4.51247	0	0
-27.6999	-3.39161	0	0
-27.8101	-2.5835	0	0
-27.9301	-1.36606	0	0
-27.9788	-0.573419	0	0
-28.0069	0.392008	0	0
-28.0041	1.20761	0	0
-27.9704	2.15138	0	0
-27.9115	3.00788	0	0
-27.7812	4.22426	0	0
-27.6709	4.98901	0	0
-27.4521	6.19263	0	0
-27.185	7.36444	0	0
-26.9745	8.15239	0	0
-26.7211	8.9951	0	0
-26.4478	9.80898	0	0
-26.1724	10.5538	0	0
-25.7916	11.4879	0	0
-25.4405	12.2714	0	0
-25.0989	12.976	0	0
-24.6667	13.8023	0	0
-24.2412	14.5565	0	0
-23.5661	15.6531	0	0
-23.1097	16.3361	0	0
-22.0424	17.7834	0	0
-21.4962	18.4553	0	0
-20.6915	19.3738	0	0
-20.1281	19.9717	0	0
-19.081	20.9968	0	0
-18.2195	21.7654	0	0
-17.5358	22.3323	0	0
-16.8879	22.8373	0	0
-16.1712	23.3618	0	0
-15.2714	23.9733	0	0
-14.5767	24.4119	0	0
-13.5212	25.026	0	0
-12.5196	25.5542	0	0
-11.7198	25.9402	0	0
-10.5599	26.4464	0	0
-9.37848	26.9002	0	0
-7.6313	27.4637	0	0
-5.91341	27.9042	0	0
-4.80154	28.1328	0	0
-3.28372	28.3752	0	0
-1.49614	28.56	0	0
0.275654	28.6375	0	0
4.87393	28.3506	0	0
6.01824	28.1682	0	0
7.84585	27.7817	0	0
9.69114	27.2686	0	0
11.5001	26.6392	0	0
12.9637	26.0324	0	0
14.0552	25.5195	0	0
14.7719	25.1532	0	0
15.7757	24.5998	0	0
16.8823	23.9317	0	0
17.5975	23.4656	0	0
18.3392	22.9516	0	0
18.949	22.5046	0	0
19.7574	21.8754	0	0
20.6737	21.1083	0	0
21.3098	20.539	0	0
21.9475	19.9354	0	0
22.4828	19.4014	0	0
23.2034	18.6394	0	0
24.7469	16.815	0	0
25.2199	16.1942	0	0
25.8445	15.3216	0	0
26.2797	14.6737	0	0
26.8764	13.7237	0	0
27.2951	13.0079	0	0
27.8422	12.0006	0	0
28.2466	11.1938	0	0
28.5571	10.5313	0	0
28.8805	9.79423	0	0
29.3079	8.73059	0	0
29.5924	7.95168	0	0
29.9586	6.83972	0	0
30.1851	6.07154	0	0
30.4988	4.87184	0	0
30.6718	4.11636	0	0
30.8319	3.33163	0	0
31.0648	1.95621	0	0
31.169	1.1882	0	0
31.2935	0.00637317	0	0
31.3828	-1.33401	0	0
31.4176	-2.75444	0	0
31.4102	-3.5553	0	0
31.3844	-4.32992	0	0
31.3116	-5.49019	0	0
31.2376	-6.28765	0	0
31.0957	-7.44149	0	0
30.9743	-8.23311	0	0
30.819	-9.09766	0	0
30.6518	-9.90728	0	0
30.4331	-10.8378	0	0
30.2016	-11.7119	0	0
29.9764	-12.4805	0	0
29.65	-13.4881	0	0
29.3907	-14.2185	0	0
28.9599	-15.3261	0	0
28.6471	-16.0634	0	0
28.1277	-17.1894	0	0
27.7647	-17.9157	0	0
27.1724	-19.0154	0	0
26.7869	-19.6828	0	0
26.1875	-20.6557	0	0
25.1425	-22.1946	0	0
24.6048	-22.9208	0	0
23.9645	-23.7357	0	0
23.455	-24.3491	0	0
22.7179	-25.1872	0	0
22.1563	-25.79	0	0
21.3343	-26.6217	0	0
20.7771	-27.1541	0	0
19.9489	-27.9025	0	0
19.322	-28.437	0	0
18.5571	-29.0549	0	0
17.8812	-29.5711	0	0
17.236	-30.0395	0	0
16.4254	-30.5961	0	0
15.7565	-31.0299	0	0
14.7573	-31.6374	0	0
14.0876	-32.0187	0	0
13.0079	-32.592	0	0
12.3168	-32.9333	0	0
11.2539	-33.4207	0	0
10.4707	-33.752	0	0
9.25582	-34.2209	0	0
8.37747	-34.5271	0	0
7.21698	-34.8907	0	0
6.3807	-35.1256	0	0
5.26634	-35.4049	0	0
4.52783	-35.5691	0	0
3.17932	-35.8271	0	0
2.43233	-35.947	0	0
1.21006	-36.1084	0	0
0.429646	-36.1891	0	0
-0.687893	-36.2745	0	0
-1.52751	-36.3156	0	0
-2.36787	-36.3368	0	0
-3.18048	-36.3385	0	0
-4.02092	-36.3208	0	0
-4.97261	-36.2768	0	0
-5.81109	-36.2169	0	0
-7.00994	-36.0967	0	0
-7.81587	-35.9927	0	0
-8.97839	-35.8097	0	0
-9.77727	-35.6611	0	0
-11.7714	-35.2066	0	0
-12.9058	-34.8936	0	0
-13.6828	-34.6557	0	0
-14.7981	-34.2799	0	0
-15.7437	-33.9286	0	0
-16.498	-33.6263	0	0
-17.2708	-33.2956	0	0
-18.0103	-32.9587	0	0
-18.8922	-32.5298	0	0
-19.6576	-32.1329	0	0
-20.6391	-31.5898	0	0
-21.3332	-31.1815	0	0
-22.4295	-30.4936	0	0
-23.1229	-30.0299	0	0
-24.0847	-29.3477	0	0
-24.7059	-28.8816	0	0
-25.6522	-28.1308	0	0
-26.2473	-27.6318	0	0
-27.1515	-26.8308	0	0
-27.7187	-26.3003	0	0
-29.1749	-24.8281	0	0
-29.9472	-23.9754	0	0
-30.5086	-23.3202	0	0
-31.0724	-22.6294	0	0
-31.567	-21.9938	0	0
-32.2324	-21.0908	0	0
-32.7091	-20.4063	0	0
-33.4022	-19.3475	0	0
-33.8389	-18.6369	0	0
-34.4004	-17.6658	0	0
-34.7985	-16.9328	0	0
-35.408	-15.7262	0	0
-35.7498	-14.997	0	0
-36.2542	-13.8363	0	0
-36.5854	-13.0085	0	0
-36.9541	-12.0102	0	0
-37.2227	-11.2205	0	0
-37.5689	-10.1037	0	0
-37.8365	-9.1435	0	0
-38.1275	-7.97082	0	0
-38.4278	-6.55243	0	0
-38.5883	-5.66056	0	0
-38.732	-4.73526	0	0
-38.846	-3.86673	0	0
-38.9402	-2.99583	0	0
-39.0275	-1.94223	0	0
-39.087	-0.856444	0	0
-39.1126	0.0191742	0	0
-39.1185	0.834736	0	0
-39.0965	2.01257	0	0
-39.0601	2.82734	0	0
-38.9822	3.94225	0	0
-38.8953	4.84426	0	0
-38.7465	6.04329	0	0
-38.6247	6.84972	0	0
-38.4187	8.0096	0	0
-38.2554	8.80864	0	0
-38.0041	9.89763	0	0
-37.8008	10.6874	0	0
-37.4864	11.7914	0	0
-37.2056	12.6847	0	0
-36.8625	13.6847	0	0
-36.492	14.6749	0	0
-36.1529	15.5152	0	0
-35.8309	16.2645	0	0
-35.377	17.2527	0	0
-34.9911	18.0391	0	0
-34.4022	19.1597	0	0
-33.9785	19.9156	0	0
-33.3609	20.9526	0	0
-32.8475	21.763	0	0
-32.103	22.866	0	0
-31.58	23.5954	0	0
-30.8889	24.5084	0	0
-30.3485	25.1858	0	0
-29.6724	25.9921	0	0
-29.1203	26.6193	0	0
-28.4063	27.3923	0	0
-27.6282	28.1897	0	0
-26.9852	28.8158	0	0
-26.1213	29.6138	0	0
-24.9253	30.6436	0	0
-23.8609	31.493	0	0
-23.1187	32.0508	0	0
-22.4397	32.5377	0	0
-21.4668	33.1984	0	0
-20.7638	33.6501	0	0
-19.7585	34.2602	0	0
-19.0333	34.6754	0	0
-18.053	35.2049	0	0
-17.1694	35.6521	0	0
-16.0213	36.1924	0	0
-15.256	36.5279	0	0
-14.196	36.9611	0	0
-13.3858	37.2684	0	0
-12.2757	37.6568	0	0
-11.3915	37.9399	0	0
-10.0616	38.3236	0	0
-9.24638	38.5352	0	0
-8.26901	38.7655	0	0
-7.34988	38.9594	0	0
-6.1073	39.1871	0	0
-4.9867	39.359	0	0
-4.15142	39.4666	0	0
-3.24963	39.5635	0	0
-2.02281	39.6632	0	0
-1.08485	39.7147	0	0
0.0159805	39.7478	0	0
0.922952	39.7529	0	0
1.92696	39.7354	0	0
2.80084	39.7002	0	0
3.8999	39.6296	0	0
4.7711	39.5526	0	0
5.83336	39.4335	0	0
6.76405	39.3061	0	0
7.65967	39.163	0	0
8.55193	39.0002	0	0
9.44038	38.8179	0	0
10.6079	38.5471	0	0
11.4859	38.3197	0	0
12.7929	37.9425	0	0
13.7186	37.6467	0	0
14.7285	37.2963	0	0
15.8194	36.8844	0	0
16.6596	36.5427	0	0
17.5216	36.1695	0	0
18.5504	35.693	0	0
19.3637	35.2916	0	0
20.3289	34.7859	0	0
21.169	34.3194	0	0
22.0266	33.8168	0	0
22.9001	33.2764	0	0
23.8702	32.6409	0	0
24.6064	32.1326	0	0
25.3849	31.5694	0	0
26.0718	31.0495	0	0
27.0819	30.2436	0	0
27.7666	29.6677	0	0
28.6111	28.9221	0	0
29.2433	28.3369	0	0
30.2623	27.3411	0	0
30.9074	26.6744	0	0
31.6045	25.9199	0	0
32.2829	25.1487	0	0
32.9004	24.4125	0	0
33.4601	23.7146	0	0
34.1239	22.8457	0	0
34.6501	22.1222	0	0
35.3277	21.1405	0	0
35.8174	20.3918	0	0
36.4456	19.3778	0	0
36.8977	18.6059	0	0
37.5372	17.445	0	0
37.9481	16.6503	0	0
38.3848	15.7574	0	0
38.8138	14.8241	0	0
39.2327	13.85	0	0
39.567	13.0202	0	0
39.974	11.9343	0	0
40.2781	11.0577	0	0
40.6501	9.8896	0	0
40.9653	8.79594	0	0
41.1942	7.92655	0	0
41.4591	6.81666	0	0
41.6475	5.93761	0	0
41.8546	4.8507	0	0
42.024	3.82729	0	0
42.1867	2.66298	0	0
42.2937	1.73555	0	0
42.3951	0.633725	0	0
42.4571	-0.263155	0	0
42.5136	-1.54126	0	0
42.5315	-2.4747	0	0
42.5281	-3.51203	0	0
42.5054	-4.41077	0	0
42.4392	-5.72304	0	0
42.3684	-6.65395	0	0
42.2066	-8.20146	0	0
42.0326	-9.46894	0	0
41.8825	-10.3904	0	0
41.652	-11.6136	0	0
41.3948	-12.7962	0	0
41.1657	-13.7369	0	0
40.9253	-14.639	0	0
40.6358	-15.635	0	0
40.3552	-16.5255	0	0
39.9284	-17.7682	0	0
39.6151	-18.6109	0	0
39.206	-19.639	0	0
38.8409	-20.4982	0	0
38.443	-21.3808	0	0
38.0563	-22.1924	0	0
37.621	-23.0581	0	0
37.1573	-23.9316	0	0
36.5686	-24.9783	0	0
36.0997	-25.7678	0	0
35.3663	-26.9338	0	0
34.7181	-27.9025	0	0
34.0243	-28.8827	0	0
33.1314	-30.0673	0	0
32.4028	-30.977	0	0
31.7201	-31.7874	0	0
31.1132	-32.4766	0	0
30.3228	-33.3332	0	0
29.635	-34.0438	0	0
28.9316	-34.7391	0	0
28.0052	-35.61	0	0
27.321	-36.2225	0	0
26.3805	-37.0248	0	0
25.2233	-37.9529	0	0
24.4635	-38.5292	0	0
23.3448	-39.3329	0	0
22.3794	-39.9859	0	0
21.5173	-40.539	0	0
20.7035	-41.0361	0	0
19.664	-41.6374	0	0
18.8273	-42.0949	0	0
17.6653	-42.693	0	0
16.8386	-43.0929	0	0
15.7779	-43.576	0	0
14.7704	-44.0047	0	0
13.8186	-44.3833	0	0
12.9582	-44.7044	0	0
11.8906	-45.0752	0	0
10.7463	-45.4397	0	0
9.83587	-45.7061	0	0
8.8064	-45.9832	0	0
7.59177	-46.2782	0	0
6.00898	-46.6117	0	0
5.06861	-46.7829	0	0
3.94311	-46.962	0	0
2.85008	-47.1091	0	0
1.86363	-47.2195	0	0
0.691798	-47.3232	0	0
-0.298703	-47.3878	0	0
-1.3271	-47.4326	0	0
-3.01799	-47.457	0	0
-4.08402	-47.441	0	0
-5.03923	-47.4061	0	0
-6.36024	-47.3255	0	0
-7.64187	-47.2113	0	0
-8.55516	-47.1083	0	0
-9.57542	-46.9716	0	0
-10.5924	-46.8125	0	0
-11.6779	-46.6173	0	0
-12.7225	-46.4043	0	0
-13.6905	-46.1847	0	0
-15.009	-45.8505	0	0
-15.9648	-45.5825	0	0
-17.0198	-45.261	0	0
-18.1364	-44.8908	0	0
-19.0366	-44.5694	0	0
-19.8959	-44.2431	0	0
-20.8843	-43.8435	0	0
-21.7962	-43.4514	0	0
-22.7661	-43.0088	0	0
-23.8572	-42.4784	0	0
-24.7135	-42.0372	0	0
-25.6694	-41.5182	0	0
-26.4837	-41.0535	0	0
-27.8626	-40.217	0	0
-28.7449	-39.6475	0	0
-29.7684	-38.9516	0	0
-30.5619	-38.3848	0	0
-31.4331	-37.7336	0	0
-32.2014	-37.1331	0	0
-32.9861	-36.493	0	0
-33.757	-35.8363	0	0
-34.597	-35.0878	0	0
-35.5275	-34.2158	0	0
-36.2231	-33.5323	0	0
-37.0082	-32.7263	0	0
-38.025	-31.6233	0	0
-39.1749	-30.2872	0	0
-39.9986	-29.2652	0	0
-40.794	-28.2209	0	0
-41.3878	-27.4006	0	0
-41.9641	-26.5679	0	0
-42.8251	-25.2489	0	0
-43.3361	-24.4183	0	0
-43.83	-23.5776	0	0
-44.3426	-22.661	0	0
-44.8521	-21.7	0	0
-45.4377	-20.5252	0	0
-45.8517	-19.6423	0	0
-46.3657	-18.4752	0	0
-46.7516	-17.539	0	0
-47.157	-16.4893	0	0
-47.6227	-15.1821	0	0
-47.9271	-14.2557	0	0
-48.2251	-13.2803	0	0
-48.5514	-12.1179	0	0
-48.7939	-11.1748	0	0
-49.0093	-10.2652	0	0
-49.2388	-9.19903	0	0
-49.4238	-8.24306	0	0
-49.6332	-7.01443	0	0
-49.7806	-6.01254	0	0
-49.9632	-4.50459	0	0
-50.0527	-3.5741	0	0
-50.1271	-2.60324	0	0
-50.1993	-1.24196	0	0
-50.2272	-0.307592	0	0
-50.2373	0.860836	0	0
-50.2255	1.79555	0	0
-50.1878	2.92444	0	0
-50.1322	3.93559	0	0
-50.0526	4.98419	0	0
-49.959	5.95342	0	0
-49.8317	7.03653	0	0
-49.6511	8.30908	0	0
-49.5058	9.19304	0	0
-49.3223	10.1889	0	0
-49.1185	11.1809	0	0
-48.9124	12.0927	0	0
-48.449	13.9037	0	0
-48.1135	15.0636	0	0
-47.7254	16.2889	0	0
-47.3189	17.4671	0	0
-46.9808	18.3803	0	0
-46.5367	19.5031	0	0
-46.1742	20.3647	0	0
-45.6494	21.538	0	0
-45.2317	22.4176	0	0
-44.7435	23.3927	0	0
-44.3204	24.1967	0	0
-43.7049	25.3077	0	0
-43.0616	26.4029	0	0
-42.4337	27.4146	0	0
-41.8924	28.2463	0	0
-41.2669	29.1649	0	0
-40.5039	30.2295	0	0
-39.9319	30.9912	0	0
-39.1968	31.928	0	0
-38.4142	32.8775	0	0
-37.4767	33.9558	0	0
-36.6996	34.8049	0	0
-35.9866	35.551	0	0
-35.0884	36.449	0	0
-34.3711	37.1347	0	0
-33.611	37.8328	0	0
-32.8669	38.4892	0	0
-32.11	39.1309	0	0
-31.2786	39.8071	0	0
-30.5591	40.3691	0	0
-29.7018	41.0121	0	0
-28.1776	42.0876	0	0
-27.3843	42.6149	0	0
-26.4126	43.2319	0	0
-25.598	43.7258	0	0
-24.5669	44.3213	0	0
-23.3466	44.9851	0	0
-22.3574	45.4919	0	0
-21.5009	45.9088	0	0
-20.3107	46.4557	0	0
-19.2167	46.9258	0	0
-18.112	47.3701	0	0
-17.1835	47.7204	0	0
-15.9854	48.142	0	0
-15.0801	48.4384	0	0
-13.9692	48.7765	0	0
-12.9793	49.0548	0	0
-11.984	49.3137	0	0
-11.024	49.5438	0	0
-9.6972	49.8306	0	0
-8.52544	50.0541	0	0
-7.59268	50.2124	0	0
-6.49428	50.3767	0	0
-5.39263	50.5177	0	0
-4.45201	50.6193	0	0
-3.09957	50.7354	0	0
-2.07324	50.8	0	0
-0.840263	50.8509	0	0
0.558125	50.8735	0	0
1.66873	50.8648	0	0
2.65559	50.8374	0	0
3.72389	50.7866	0	0
4.66789	50.7236	0	0
5.77438	50.6278	0	0
7.08279	50.4839	0	0
8.0615	50.3545	0	0
9.28117	50.1668	0	0
10.7788	49.8958	0	0
11.8664	49.6707	0	0
12.8289	49.4512	0	0
13.7871	49.2136	0	0
14.8199	48.936	0	0
15.7286	48.6728	0	0
16.7109	48.3681	0	0
18.1143	47.8957	0	0
19.3117	47.4572	0	0
20.5742	46.9585	0	0
21.6727	46.4934	0	0
22.5736	46.0896	0	0
23.5038	45.6511	0	0
24.4252	45.1943	0	0
25.3446	44.7157	0	0
26.3731	44.1527	0	0
27.2086	43.6735	0	0
28.1068	43.1355	0	0
28.9236	42.6251	0	0
29.8008	42.0536	0	0
30.8384	41.3453	0	0
31.724	40.7119	0	0
32.7295	39.9586	0	0
33.6843	39.2082	0	0
34.4614	38.5709	0	0
35.4472	37.7261	0	0
36.1651	37.084	0	0
37.0232	36.285	0	0
37.923	35.4081	0	0
38.5986	34.7217	0	0
39.4611	33.8082	0	0
40.1354	33.0629	0	0
40.8771	32.2094	0	0
41.6534	31.2755	0	0
42.4594	30.2578	0	0
43.0413	29.4903	0	0
43.7066	28.576	0	0
44.7256	27.0915	0	0
45.4289	26.0003	0	0
45.9981	25.0721	0	0
46.6725	23.9141	0	0
47.1391	23.0715	0	0
47.7056	21.9973	0	0
48.1558	21.0987	0	0
48.6596	20.0398	0	0
49.1232	19.0085	0	0
49.5168	18.0838	0	0
50.1782	16.409	0	0
50.5784	15.3068	0	0
50.902	14.3552	0	0
51.2199	13.3577	0	0
51.5114	12.3778	0	0
51.7889	11.3758	0	0
52.0372	10.4109	0	0
52.2967	9.31488	0	0
52.5164	8.29867	0	0
52.7794	6.93763	0	0
52.9747	5.78441	0	0
53.1396	4.67023	0	0
53.2817	3.55291	0	0
53.3968	2.47605	0	0
53.4908	1.39713	0	0
53.561	0.359831	0	0
53.6198	-0.895066	0	0
53.6488	-2.06436	0	0
53.649	-3.62387	0	0
53.6103	-5.05291	0	0
53.5347	-6.48046	0	0
53.4565	-7.51721	0	0
53.3543	-8.59538	0	0
53.2309	-9.67133	0	0
53.0987	-10.6589	0	0
52.8488	-12.2421	0	0
52.6621	-13.2649	0	0
52.4562	-14.284	0	0
52.2408	-15.2568	0	0
51.9336	-16.5195	0	0
51.6894	-17.4407	0	0
51.3681	-18.5654	0	0
50.9698	-19.8479	0	0
50.5404	-21.1203	0	0
50.2169	-22.0168	0	0
49.7988	-23.1091	0	0
49.1885	-24.5912	0	0
48.8052	-25.4638	0	0
48.2584	-26.6428	0	0
47.8399	-27.499	0	0
47.346	-28.4637	0	0
46.6539	-29.7425	0	0
46.0409	-30.8132	0	0
45.3349	-31.9825	0	0
44.745	-32.9128	0	0
44.0379	-33.9772	0	0
43.358	-34.9534	0	0
42.7626	-35.7735	0	0
42.0718	-36.6875	0	0
41.4452	-37.4841	0	0
40.7763	-38.3031	0	0
39.6566	-39.6066	0	0
38.8882	-40.4564	0	0
38.1636	-41.2267	0	0
37.0812	-42.3252	0	0
36.1939	-43.1824	0	0
35.451	-43.8718	0	0
34.4968	-44.7217	0	0
33.6926	-45.4085	0	0
32.8413	-46.1076	0	0
31.3808	-47.2441	0	0
30.5297	-47.8717	0	0
29.6669	-48.4832	0	0
28.7927	-49.0783	0	0
27.9074	-49.6568	0	0
27.0114	-50.2185	0	0
26.029	-50.8078	0	0
24.9963	-51.3985	0	0
24.0291	-51.9257	0	0
22.7763	-52.5727	0	0
21.8262	-53.0371	0	0
20.7471	-53.5381	0	0
19.6577	-54.0161	0	0
18.5992	-54.4545	0	0
17.4496	-54.9023	0	0
16.4565	-55.2659	0	0
15.2059	-55.6941	0	0
14.1562	-56.0282	0	0
13.0821	-56.3468	0	0
12.0733	-56.6255	0	0
10.9712	-56.9076	0	0
9.55275	-57.2371	0	0
8.3945	-57.4785	0	0
7.32117	-57.6803	0	0
5.74953	-57.9382	0	0
4.57775	-58.1018	0	0
3.49335	-58.2315	0	0
2.45202	-58.3367	0	0
1.31818	-58.4296	0	0
-0.317249	-58.5243	0	0
-1.40875	-58.5617	0	0
-2.63729	-58.5792	0	0
-3.77492	-58.5722	0	0
-4.82124	-58.546	0	0
-6.13954	-58.4861	0	0
-7.81895	-58.3661	0	0
-9.08713	-58.2428	0	0
-10.3072	-58.0976	0	0
-11.3888	-57.9468	0	0
-12.7366	-57.7298	0	0
-13.7663	-57.5418	0	0
-15.5038	-57.1808	0	0
-16.8324	-56.867	0	0
-17.8897	-56.5935	0	0
-18.9417	-56.3001	0	0
-20.1183	-55.9463	0	0
-21.761	-55.4063	0	0
-23.174	-54.8978	0	0
-24.1508	-54.5218	0	0
-25.3305	-54.0403	0	0
-26.6653	-53.4585	0	0
-27.8621	-52.9023	0	0
-29.1676	-52.2572	0	0
-30.2233	-51.7051	0	0
-31.2369	-51.1489	0	0
-32.1995	-50.5962	0	0
-33.2698	-49.953	0	0
-34.6364	-49.0856	0	0
-35.5978	-48.4432	0	0
-36.5463	-47.7821	0	0
-37.4073	-47.1575	0	0
-38.2936	-46.4893	0	0
-39.1672	-45.8045	0	0
-40.3115	-44.866	0	0
-41.3973	-43.9298	0	0
-42.1539	-43.2494	0	0
-42.9657	-42.4925	0	0
-44.1889	-41.2958	0	0
-44.9955	-40.4674	0	0
-45.8169	-39.5892	0	0
-47.3155	-37.8894	0	0
-48.5184	-36.4237	0	0
-49.2846	-35.4376	0	0
-50.0296	-34.4355	0	0
-50.7004	-33.4937	0	0
-51.5063	-32.308	0	0
-52.0854	-31.4157	0	0
-52.7924	-30.2761	0	0
-53.6338	-28.8394	0	0
-54.1719	-27.8686	0	0
-54.7976	-26.6823	0	0
-55.2949	-25.6899	0	0
-55.8319	-24.5625	0	0
-56.2891	-23.5511	0	0
-56.8512	-22.2322	0	0
-57.3312	-21.0294	0	0
-57.7373	-19.9469	0	0
-58.1071	-18.9003	0	0
-58.4713	-17.8029	0	0
-58.8138	-16.6986	0	0
-59.2317	-15.2353	0	0
-59.4983	-14.2205	0	0
-59.7691	-13.1084	0	0
-60.0975	-11.6181	0	0
-60.3367	-10.4014	0	0
-60.551	-9.18011	0	0
-60.7403	-7.95468	0	0
-60.8809	-6.91494	0	0
-61.0387	-5.54095	0	0
-61.1766	-4.02109	0	0
-61.2521	-2.92679	0	0
-61.3135	-1.68835	0	0
-61.3469	-0.591943	0	0
-61.3605	0.552579	0	0
-61.3526	1.69715	0	0
-61.3247	2.79371	0	0
-61.2559	4.27053	0	0
-61.1779	5.41247	0	0
-61.0597	6.74259	0	0
-60.8527	8.54296	0	0
-60.6801	9.77086	0	0
-60.4416	11.2299	0	0
-60.1582	12.7295	0	0
-59.8479	14.1749	0	0
-59.4907	15.6586	0	0
-59.211	16.7193	0	0
-58.8311	18.0491	0	0
-58.3323	19.642	0	0
-57.9808	20.6811	0	0
-57.5776	21.8031	0	0
-57.1697	22.8726	0	0
-56.7419	23.9342	0	0
-56.2558	25.0749	0	0
-55.7466	26.2055	0	0
-55.2561	27.2397	0	0
-54.5939	28.5615	0	0
-54.1228	29.4555	0	0
-53.2756	30.9794	0	0
-52.562	32.1892	0	0
-51.9766	33.137	0	0
-50.9721	34.6792	0	0
-50.2307	35.7564	0	0
-49.0616	37.3615	0	0
-48.3833	38.2452	0	0
-47.6587	39.1541	0	0
-46.917	40.0492	0	0
-46.1586	40.9301	0	0
-45.2857	41.9039	0	0
-44.4593	42.7889	0	0
-43.5474	43.7262	0	0
-42.546	44.7112	0	0
-41.7361	45.4761	0	0
-40.6953	46.4193	0	0
-39.5594	47.4012	0	0
-38.7389	48.0811	0	0
-37.4481	49.1036	0	0
-36.4819	49.8334	0	0
-35.5409	50.5159	0	0
-34.5473	51.2079	0	0
-33.6213	51.8272	0	0
-32.5202	52.5327	0	0
-31.5706	53.1152	0	0
-30.4427	53.7769	0	0
-29.3435	54.3913	0	0
-28.3179	54.9385	0	0
-27.1086	55.5523	0	0
-26.0615	56.0571	0	0
-25.0051	56.5421	0	0
-23.8505	57.045	0	0
-22.7759	57.4881	0	0
-21.1487	58.1147	0	0
-20.0086	58.5226	0	0
-18.7225	58.9528	0	0
-17.4736	59.3408	0	0
-16.3757	59.658	0	0
-15.268	59.9565	0	0
-13.7669	60.3271	0	0
-12.6476	60.5784	0	0
-11.2792	60.8569	0	0
-10.1015	61.0717	0	0
-9.01867	61.249	0	0
-7.68576	61.441	0	0
-6.49777	61.588	0	0
-5.25757	61.7172	0	0
-4.01507	61.822	0	0
-2.67115	61.9078	0	0
-1.27584	61.9667	0	0
0.369818	61.9967	0	0
1.76635	61.9887	0	0
2.8633	61.9609	0	0
4.15884	61.9036	0	0
5.35346	61.8272	0	0
6.44708	61.7374	0	0
7.63815	61.6179	0	0
8.72781	61.4887	0	0
9.96313	61.3191	0	0
11.1457	61.1334	0	0
12.2755	60.9346	0	0
13.4504	60.7054	0	0
14.5234	60.476	0	0
15.6893	60.2045	0	0
16.7533	59.9364	0	0
18.1005	59.5687	0	0
20.0104	58.9921	0	0
21.6189	58.455	0	0
22.6519	58.0847	0	0
23.7247	57.6785	0	0
24.8362	57.2341	0	0
26.0306	56.7291	0	0
27.0785	56.2621	0	0
28.1177	55.7762	0	0
29.3262	55.182	0	0
30.3014	54.679	0	0
32.1656	53.657	0	0
33.2154	53.0456	0	0
34.1675	52.4678	0	0
35.237	51.7914	0	0
36.1671	51.1789	0	0
37.2939	50.4054	0	0
38.1588	49.7873	0	0
39.7775	48.571	0	0
40.8481	47.7215	0	0
41.8619	46.8822	0	0
42.7062	46.156	0	0
43.5753	45.3813	0	0
44.4671	44.5563	0	0
45.5598	43.5017	0	0
46.6975	42.3487	0	0
47.6004	41.3911	0	0
48.3152	40.6043	0	0
49.0832	39.7292	0	0
50.125	38.4889	0	0
51.1354	37.2228	0	0
51.8114	36.3378	0	0
52.5609	35.3181	0	0
53.9992	33.2356	0	0
54.6873	32.1736	0	0
55.2756	31.228	0	0
55.9241	30.1413	0	0
56.625	28.9094	0	0
57.5092	27.2583	0	0
58.0345	26.2193	0	0
58.5194	25.2167	0	0
59.2344	23.6512	0	0
59.9647	21.9266	0	0
60.3751	20.8913	0	0
60.8024	19.754	0	0
61.1916	18.6567	0	0
61.6077	17.4081	0	0
61.9981	16.1512	0	0
62.399	14.7557	0	0
62.8212	13.1441	0	0
63.214	11.4716	0	0
63.4309	10.4532	0	0
63.8775	8.04743	0	0
64.056	6.91605	0	0
64.2283	5.6785	0	0
64.3999	4.2309	0	0
64.5484	2.67612	0	0
64.6339	1.53394	0	0
64.7072	0.234455	0	0
64.7563	-1.11828	0	0
64.7775	-2.41968	0	0
64.7692	-3.98153	0	0
64.738	-5.17858	0	0
64.6585	-6.84267	0	0
64.5632	-8.19293	0	0
64.3569	-10.3174	0	0
64.1697	-11.8156	0	0
64.005	-12.9491	0	0
63.7851	-14.2847	0	0
63.548	-15.5645	0	0
63.2304	-17.0937	0	0
62.9382	-18.362	0	0
62.6475	-19.5236	0	0
62.2796	-20.8803	0	0
61.9284	-22.0794	0	0
61.5385	-23.3212	0	0
61.1244	-24.5552	0	0
60.5408	-26.1711	0	0
60.0709	-27.3849	0	0
59.5773	-28.5892	0	0
59.1864	-29.4979	0	0
58.7603	-30.448	0	0
58.3864	-31.2502	0	0
57.9559	-32.1408	0	0
57.7006	-32.6534	0	0
57.5122	-33.0249	0	0
57.3693	-33.3027	0	0
57.1526	-33.7181	0	0
57.104	-33.8102	0	0
57.102	-33.8139	0	0
57.0907	-33.8339	0	0
57.072	-33.8674	0	0
57.051	-33.9049	0	0
57.0339	-33.9355	0	0
57.0179	-33.964	0	0
56.9974	-34.0006	0	0
56.9813	-34.0294	0	0
56.9659	-34.0569	0	0
56.951	-34.0835	0	0
56.9295	-34.1219	0	0
56.9134	-34.1506	0	0
56.8979	-34.1783	0	0
56.8819	-34.2069	0	0
56.8624	-34.2417	0	0
56.846	-34.271	0	0
56.8307	-34.2984	0	0
56.8248	-34.3088	0	0
56.8217	-34.3074	0	0
56.8044	-34.2969	0	0
56.7436	-34.2602	0	0
56.6294	-34.1912	0	0
56.4397	-34.0767	0	0
56.1515	-33.9027	0	0
55.8097	-33.6964	0	0
55.1419	-33.2931	0	0
54.297	-32.783	0	0
53.4272	-32.2579	0	0
52.557	-31.7325	0	0
51.4571	-31.0684	0	0
50.4005	-30.4304	0	0
49.2803	-29.7541	0	0
47.6892	-28.7934	0	0
44.6867	-26.9806	0	0
43.1346	-26.0435	0	0
41.8007	-25.2381	0	0
40.45	-24.4226	0	0
38.9399	-23.5108	0	0
37.7234	-22.7764	0	0
36.3811	-21.9659	0	0
35.2066	-21.2568	0	0
33.6546	-20.3197	0	0
32.1864	-19.4333	0	0
30.8357	-18.6177	0	0
29.5731	-17.8554	0	0
28.3692	-17.1285	0	0
26.8507	-16.2117	0	0
25.219	-15.2265	0	0
23.8725	-14.4135	0	0
22.4924	-13.5803	0	0
21.2801	-12.8484	0	0
19.8498	-11.9847	0	0
18.6333	-11.2503	0	0
17.1693	-10.3664	0	0
15.6424	-9.44447	0	0
14.4344	-8.71507	0	0
13.0082	-7.85397	0	0
11.3722	-6.86623	0	0
9.95945	-6.01324	0	0
8.69445	-5.24947	0	0
7.4586	-4.50329	0	0
6.22935	-3.76111	0	0
4.92481	-2.97346	0	0
3.59114	-2.16823	0	0
2.73159	-1.64926	0	0
2.02023	-1.21976	0	0
1.10542	-0.66742	0	0
0.536508	-0.323929	0	0
0.184928	-0.111656	0	0
0.0563957	-0.0340513	0	0
0.0105674	-0.00638173	0	0
-0.000860915	0.00051914	0	0
0	0	0	0
